                    The CORR Procedure
          30 Variables:    Total_Fertilizer_Loss_kg_ha   Temperature   Soil_pH   Soil_Organic_Carbon   Total_Nitrogen   Available_Phosphorus   Available_Potassium   Bulk_Density   Wind_Speed   Evapotranspiration   Application_Rate   Water_Amount   Crop_Citrus   Crop_Corn   Crop_Vegetable   Crop_Wheat   Soil_Loamy   Soil_Sandy   Fert_Organic   Fert_NPK   Fert_PK   Fert_Urea   Growth_Initial   Growth_Mid   App_Drip   App_Foliar   Coat_Normal   Coat_Biochar   Irr_Drip   Irr_Sprinkler
                    Simple Statistics
Variable         N      Mean   Std Dev       Sum   Minimum   Maximum
--------  --------  --------  --------  --------  --------  --------
Total_Fertilizer_Loss_kg_ha        60   30.81267   11.62718   1848.76000    7.76000   54.02000
Temperature                        60   24.65167    7.89242   1479.10000   10.00000   37.70000
Soil_pH                            60    6.46067    1.20823    387.64000    4.55000    8.42000
Soil_Organic_Carbon                60    2.19500    0.97009    131.70000    0.62000    3.99000
Total_Nitrogen                     60    1.94567    0.96551    116.74000    0.33000    3.48000
Available_Phosphorus               60   32.89667   14.94886   1973.80000    6.00000   59.70000
Available_Potassium                60  176.73500   70.70478  10604.10000   56.60000  295.50000
Bulk_Density                       60    1.31267    0.21280     78.76000    1.00000    1.67000
Wind_Speed                         60    6.14667    3.43662    368.80000    0.60000   11.80000
Evapotranspiration                 60    5.30083    2.19694    318.05000    2.06000    8.91000
Application_Rate                   60  143.58833   55.49936   8615.30000   53.80000  242.20000
Water_Amount                       60  334.25667  144.01401  20055.40000  104.70000  575.90000
Crop_Citrus                        60    0.20000    0.40338     12.00000    0.00000    1.00000
Crop_Corn                          60    0.25000    0.43667     15.00000    0.00000    1.00000
Crop_Vegetable                     60    0.26667    0.44595     16.00000    0.00000    1.00000
Crop_Wheat                         60    0.11667    0.32373      7.00000    0.00000    1.00000
Soil_Loamy                         60    0.21667    0.41545     13.00000    0.00000    1.00000
Soil_Sandy                         60    0.40000    0.49403     24.00000    0.00000    1.00000
Fert_Organic                       60    0.21667    0.41545     13.00000    0.00000    1.00000
Fert_NPK                           60    0.16667    0.37582     10.00000    0.00000    1.00000
Fert_PK                            60    0.28333    0.45442     17.00000    0.00000    1.00000
Fert_Urea                          60    0.18333    0.39020     11.00000    0.00000    1.00000
Growth_Initial                     60    0.33333    0.47538     20.00000    0.00000    1.00000
Growth_Mid                         60    0.36667    0.48596     22.00000    0.00000    1.00000
App_Drip                           60    0.26667    0.44595     16.00000    0.00000    1.00000
App_Foliar                         60    0.46667    0.50310     28.00000    0.00000    1.00000
Coat_Normal                        60    0.31667    0.46910     19.00000    0.00000    1.00000
Coat_Biochar                       60    0.25000    0.43667     15.00000    0.00000    1.00000
Irr_Drip                           60    0.31667    0.46910     19.00000    0.00000    1.00000
Irr_Sprinkler                      60    0.23333    0.42652     14.00000    0.00000    1.00000
   Pearson Correlation Coefficients, N = 60
          Prob > |r| under H0: Rho=0
          Total_Fertilizer_Loss_kg_haTemperature   Soil_pHSoil_Organic_CarbonTotal_NitrogenAvailable_PhosphorusAvailable_PotassiumBulk_DensityWind_SpeedEvapotranspirationApplication_RateWater_AmountCrop_Citrus Crop_CornCrop_VegetableCrop_WheatSoil_LoamySoil_SandyFert_Organic  Fert_NPK   Fert_PK Fert_UreaGrowth_InitialGrowth_Mid  App_DripApp_FoliarCoat_NormalCoat_Biochar  Irr_DripIrr_Sprinkler
--------  --------  --------  --------  --------  --------  --------  --------  --------  --------  --------  --------  --------  --------  --------  --------  --------  --------  --------  --------  --------  --------  --------  --------  --------  --------  --------  --------  --------  --------  --------
Total_Fertilizer_Loss_kg_ha   1.00000   0.48127   0.08871  -0.31137  -0.04322  -0.11016  -0.12280   0.15560   0.13371   0.03598   0.24202   0.22441   0.10530  -0.17569   0.01604  -0.13580   0.20479  -0.10798   0.09040  -0.06468  -0.14617   0.15369   0.10109  -0.05552  -0.19673   0.13220  -0.04646  -0.02257   0.01467  -0.34726
              .       <.0001    0.5003    0.0154    0.7430    0.4021    0.3499    0.2352    0.3084    0.7849    0.0625    0.0847    0.4233    0.1793    0.9032    0.3009    0.1165    0.4115    0.4921    0.6234    0.2651    0.2410    0.4422    0.6735    0.1319    0.3140    0.7245    0.8641    0.9114    0.0066
Temperature   0.48127   1.00000  -0.03100  -0.10852  -0.13157  -0.13825  -0.09718   0.18273   0.23384   0.13015   0.26536   0.22415   0.11702  -0.20299   0.04755   0.01750   0.24982   0.12415  -0.11978   0.05305   0.16267  -0.15888  -0.05391   0.20842   0.07307  -0.11801  -0.07271   0.10340  -0.03471  -0.33494
            <.0001      .       0.8141    0.4092    0.3163    0.2921    0.4601    0.1623    0.0721    0.3216    0.0404    0.0851    0.3732    0.1198    0.7183    0.8944    0.0542    0.3446    0.3620    0.6873    0.2143    0.2253    0.6825    0.1100    0.5790    0.3692    0.5809    0.4318    0.7923    0.0089
Soil_pH    0.08871  -0.03100   1.00000  -0.05364  -0.12212   0.21205   0.27334  -0.16782  -0.06427   0.02284  -0.02499  -0.04896   0.03380   0.00610  -0.11861   0.13283   0.04934  -0.07457  -0.22754   0.13711   0.14505   0.11190   0.05184  -0.16439  -0.15793   0.11547  -0.18190  -0.03951  -0.09637   0.19275
            0.5003    0.8141      .       0.6840    0.3526    0.1038    0.0346    0.2000    0.6256    0.8625    0.8497    0.7103    0.7976    0.9631    0.3667    0.3117    0.7081    0.5712    0.0804    0.2962    0.2688    0.3946    0.6941    0.2094    0.2281    0.3796    0.1642    0.7644    0.4639    0.1401
Soil_Organic_Carbon  -0.31137  -0.10852  -0.05364   1.00000   0.06601   0.09127   0.11273  -0.02444  -0.03269   0.00468  -0.06892  -0.02918  -0.07190   0.11903   0.02743  -0.00459  -0.04353  -0.06719  -0.18021  -0.18270   0.11285   0.05261   0.29329  -0.34659  -0.10382   0.12815  -0.12943   0.11263   0.06015  -0.00819
            0.0154    0.4092    0.6840      .       0.6163    0.4880    0.3911    0.8529    0.8042    0.9717    0.6008    0.8249    0.5851    0.3650    0.8352    0.9722    0.7412    0.6100    0.1683    0.1623    0.3906    0.6897    0.0229    0.0067    0.4299    0.3292    0.3243    0.3915    0.6480    0.9505
Total_Nitrogen  -0.04322  -0.13157  -0.12212   0.06601   1.00000  -0.07525  -0.09658   0.02917   0.21253  -0.18174  -0.06555   0.04814   0.00400  -0.10834   0.34717  -0.11494  -0.20805   0.04847  -0.01494   0.02164   0.04727  -0.01405   0.00246  -0.01787   0.03304  -0.02996   0.17185  -0.10030   0.09402  -0.13456
            0.7430    0.3163    0.3526    0.6163      .       0.5677    0.4629    0.8249    0.1030    0.1646    0.6188    0.7149    0.9758    0.4099    0.0066    0.3818    0.1107    0.7131    0.9098    0.8696    0.7198    0.9151    0.9851    0.8922    0.8021    0.8202    0.1892    0.4457    0.4749    0.3054
Available_Phosphorus  -0.11016  -0.13825   0.21205   0.09127  -0.07525   1.00000   0.06962   0.09546  -0.31045   0.01955  -0.07587   0.00714   0.02682   0.13697  -0.19335   0.16259   0.15186  -0.00900  -0.09731   0.05290   0.25688  -0.08735   0.01638  -0.07892  -0.32098   0.07030  -0.04794  -0.16189  -0.01266   0.02378
            0.4021    0.2921    0.1038    0.4880    0.5677      .       0.5971    0.4681    0.0158    0.8821    0.5645    0.9568    0.8388    0.2967    0.1388    0.2145    0.2468    0.9456    0.4595    0.6881    0.0476    0.5069    0.9012    0.5489    0.0124    0.5935    0.7160    0.2165    0.9235    0.8569
Available_Potassium  -0.12280  -0.09718   0.27334   0.11273  -0.09658   0.06962   1.00000  -0.04032  -0.18581  -0.06953   0.01342  -0.07782   0.01158   0.06131  -0.04497  -0.03410  -0.08116   0.22391   0.06107   0.00992  -0.16817   0.16226   0.08769  -0.21461  -0.02540  -0.00547  -0.08910   0.08508  -0.01020   0.01653
            0.3499    0.4601    0.0346    0.3911    0.4629    0.5971      .       0.7597    0.1552    0.5976    0.9189    0.5545    0.9300    0.6417    0.7330    0.7959    0.5376    0.0855    0.6430    0.9400    0.1990    0.2155    0.5053    0.0996    0.8472    0.9669    0.4984    0.5181    0.9383    0.9002
Bulk_Density   0.15560   0.18273  -0.16782  -0.02444   0.02917   0.09546  -0.04032   1.00000   0.11237   0.07501  -0.07229   0.16489   0.38859  -0.04195   0.04239  -0.24324  -0.18877   0.23635  -0.08717   0.06852  -0.02547   0.08178  -0.01061   0.18378   0.31208  -0.14164  -0.18009   0.06202   0.03045  -0.16010
            0.2352    0.1623    0.2000    0.8529    0.8249    0.4681    0.7597      .       0.3926    0.5689    0.5831    0.2080    0.0022    0.7503    0.7478    0.0611    0.1486    0.0691    0.5078    0.6029    0.8468    0.5345    0.9359    0.1598    0.0152    0.2804    0.1685    0.6378    0.8174    0.2217
Wind_Speed   0.13371   0.23384  -0.06427  -0.03269   0.21253  -0.31045  -0.18581   0.11237   1.00000  -0.14788  -0.00223   0.04576   0.02005  -0.03953   0.06584  -0.05373  -0.06300   0.07467  -0.09742  -0.00219   0.00116   0.02637   0.01522  -0.03782   0.05036   0.24403   0.13471  -0.20669  -0.15126  -0.06075
            0.3084    0.0721    0.6256    0.8042    0.1030    0.0158    0.1552    0.3926      .       0.2595    0.9865    0.7285    0.8791    0.7643    0.6172    0.6835    0.6325    0.5707    0.4590    0.9868    0.9930    0.8415    0.9081    0.7742    0.7024    0.0602    0.3048    0.1131    0.2487    0.6448
Evapotranspiration   0.03598   0.13015   0.02284   0.00468  -0.18174   0.01955  -0.06953   0.07501  -0.14788   1.00000  -0.11378   0.27805   0.08454  -0.04510  -0.18205   0.02488   0.04158   0.00828  -0.03716   0.09528  -0.26611   0.08978   0.11463  -0.06871  -0.14001  -0.11920   0.12785  -0.22407  -0.09071  -0.08721
            0.7849    0.3216    0.8625    0.9717    0.1646    0.8821    0.5976    0.5689    0.2595      .       0.3867    0.0315    0.5207    0.7322    0.1639    0.8503    0.7524    0.9500    0.7781    0.4689    0.0399    0.4951    0.3831    0.6019    0.2860    0.3643    0.3303    0.0852    0.4906    0.5076
Application_Rate   0.24202   0.26536  -0.02499  -0.06892  -0.06555  -0.07587   0.01342  -0.07229  -0.00223  -0.11378   1.00000   0.00797  -0.04214   0.06426   0.03437  -0.06115  -0.12118   0.21585   0.18094  -0.05833  -0.04785  -0.01626  -0.07206   0.23809  -0.11691   0.09842  -0.12387  -0.19256   0.16915  -0.14888
            0.0625    0.0404    0.8497    0.6008    0.6188    0.5645    0.9189    0.5831    0.9865    0.3867      .       0.9518    0.7492    0.6257    0.7943    0.6426    0.3564    0.0976    0.1665    0.6580    0.7166    0.9019    0.5843    0.0670    0.3737    0.4544    0.3457    0.1405    0.1964    0.2562
Water_Amount   0.22441   0.22415  -0.04896  -0.02918   0.04814   0.00714  -0.07782   0.16489   0.04576   0.27805   0.00797   1.00000   0.35856  -0.19800  -0.01024  -0.22645  -0.11120   0.11274   0.02973   0.20165  -0.13135  -0.04703   0.12120   0.15760  -0.09815  -0.00842  -0.00298  -0.10251   0.18458  -0.30631
            0.0847    0.0851    0.7103    0.8249    0.7149    0.9568    0.5545    0.2080    0.7285    0.0315    0.9518      .       0.0049    0.1294    0.9381    0.0819    0.3976    0.3911    0.8216    0.1223    0.3171    0.7212    0.3563    0.2291    0.4556    0.9491    0.9820    0.4357    0.1580    0.0173
Crop_Citrus   0.10530   0.11702   0.03380  -0.07190   0.00400   0.02682   0.01158   0.38859   0.02005   0.08454  -0.04214   0.35856   1.00000  -0.28868  -0.30151  -0.18171   0.04046  -0.06804  -0.16182   0.44721  -0.22192   0.08615   0.08839   0.13834   0.07538  -0.05011   0.01791  -0.09623   0.10749  -0.07881
            0.4233    0.3732    0.7976    0.5851    0.9758    0.8388    0.9300    0.0022    0.8791    0.5207    0.7492    0.0049      .       0.0253    0.0192    0.1647    0.7589    0.6055    0.2167    0.0003    0.0884    0.5128    0.5019    0.2918    0.5670    0.7038    0.8919    0.4645    0.4137    0.5495
Crop_Corn  -0.17569  -0.20299   0.00610   0.11903  -0.10834   0.13697   0.06131  -0.04195  -0.03953  -0.04510   0.06426  -0.19800  -0.28868   1.00000  -0.34816  -0.20982  -0.02336   0.00000  -0.02336   0.05164   0.06406  -0.17408  -0.16330  -0.03994  -0.00000   0.15430   0.26891  -0.06667   0.02069   0.22751
            0.1793    0.1198    0.9631    0.3650    0.4099    0.2967    0.6417    0.7503    0.7643    0.7322    0.6257    0.1294    0.0253      .       0.0064    0.1076    0.8594    1.0000    0.8594    0.6952    0.6268    0.1834    0.2125    0.7619    1.0000    0.2391    0.0377    0.6128    0.8753    0.0804
Crop_Vegetable   0.01604   0.04755  -0.11861   0.02743   0.34717  -0.19335  -0.04497   0.04239   0.06584  -0.18205   0.03437  -0.01024  -0.30151  -0.34816   1.00000  -0.21915  -0.22566   0.12309   0.14028  -0.26968   0.20631  -0.09091  -0.10660   0.08864   0.06250  -0.18635  -0.08642   0.17408  -0.08642   0.02376
            0.9032    0.7183    0.3667    0.8352    0.0066    0.1388    0.7330    0.7478    0.6172    0.1639    0.7943    0.9381    0.0192    0.0064      .       0.0925    0.0830    0.3488    0.2851    0.0372    0.1138    0.4897    0.4176    0.5006    0.6352    0.1540    0.5115    0.1834    0.5115    0.8570
Crop_Wheat  -0.13580   0.01750   0.13283  -0.00459  -0.11494   0.16259  -0.03410  -0.24324  -0.05373   0.02488  -0.06115  -0.22645  -0.18171  -0.20982  -0.21915   1.00000   0.43897  -0.08478  -0.19113  -0.02322   0.11713   0.09616  -0.25698   0.15442   0.01565  -0.02775  -0.13579  -0.20982  -0.02418  -0.07774
            0.3009    0.8944    0.3117    0.9722    0.3818    0.2145    0.7959    0.0611    0.6835    0.8503    0.6426    0.0819    0.1647    0.1076    0.0925      .       0.0005    0.5195    0.1435    0.8602    0.3728    0.4649    0.0475    0.2388    0.9055    0.8333    0.3009    0.1076    0.8545    0.5549
Soil_Loamy   0.20479   0.24982   0.04934  -0.04353  -0.20805   0.15186  -0.08116  -0.18877  -0.06300   0.04158  -0.12118  -0.11120   0.04046  -0.02336  -0.22566   0.43897   1.00000  -0.42941  -0.08020   0.09046   0.11821  -0.14463  -0.28606   0.10354  -0.04269  -0.08650   0.07682  -0.11679  -0.09711  -0.19449
            0.1165    0.0542    0.7081    0.7412    0.1107    0.2468    0.5376    0.1486    0.6325    0.7524    0.3564    0.3976    0.7589    0.8594    0.0830    0.0005      .       0.0006    0.5424    0.4918    0.3684    0.2702    0.0267    0.4311    0.7460    0.5111    0.5596    0.3742    0.4604    0.1365
Soil_Sandy  -0.10798   0.12415  -0.07457  -0.06719   0.04847  -0.00900   0.22391   0.23635   0.07467   0.00828   0.21585   0.11274  -0.06804   0.00000   0.12309  -0.08478  -0.42941   1.00000  -0.01652  -0.09129   0.01510  -0.03517   0.07217   0.01412   0.04616   0.12275  -0.04388   0.07857   0.10239   0.03217
            0.4115    0.3446    0.5712    0.6100    0.7131    0.9456    0.0855    0.0691    0.5707    0.9500    0.0976    0.3911    0.6055    1.0000    0.3488    0.5195    0.0006      .       0.9003    0.4879    0.9088    0.7896    0.5837    0.9147    0.7262    0.3501    0.7392    0.5507    0.4363    0.8072
Fert_Organic   0.09040  -0.11978  -0.22754  -0.18021  -0.01494  -0.09731   0.06107  -0.08717  -0.09742  -0.03716   0.18094   0.02973  -0.16182  -0.02336   0.14028  -0.19113  -0.08020  -0.01652   1.00000  -0.23520  -0.33068  -0.24918   0.22885  -0.14831  -0.13418  -0.08650   0.07682  -0.11679  -0.01015  -0.09884
            0.4921    0.3620    0.0804    0.1683    0.9098    0.4595    0.6430    0.5078    0.4590    0.7781    0.1665    0.8216    0.2167    0.8594    0.2851    0.1435    0.5424    0.9003      .       0.0705    0.0099    0.0549    0.0786    0.2581    0.3067    0.5111    0.5596    0.3742    0.9387    0.4524
Fert_NPK  -0.06468   0.05305   0.13711  -0.18270   0.02164   0.05290   0.00992   0.06852  -0.00219   0.09528  -0.05833   0.20165   0.44721   0.05164  -0.26968  -0.02322   0.09046  -0.09129  -0.23520   1.00000  -0.28119  -0.21189  -0.22136   0.30934   0.03371   0.02988   0.08012  -0.05164   0.17625  -0.14098
            0.6234    0.6873    0.2962    0.1623    0.8696    0.6881    0.9400    0.6029    0.9868    0.4689    0.6580    0.1223    0.0003    0.6952    0.0372    0.8602    0.4918    0.4879    0.0705      .       0.0295    0.1041    0.0892    0.0162    0.7982    0.8207    0.5429    0.6952    0.1779    0.2826
Fert_PK   -0.14617   0.16267   0.14505   0.11285   0.04727   0.25688  -0.16817  -0.02547   0.00116  -0.26611  -0.04785  -0.13135  -0.22192   0.06406   0.20631   0.11713   0.11821   0.01510  -0.33068  -0.28119   1.00000  -0.29791  -0.13077   0.13560   0.12267  -0.21747  -0.03048  -0.02135  -0.03048   0.00291
            0.2651    0.2143    0.2688    0.3906    0.7198    0.0476    0.1990    0.8468    0.9930    0.0399    0.7166    0.3171    0.0884    0.6268    0.1138    0.3728    0.3684    0.9088    0.0099    0.0295      .       0.0208    0.3193    0.3016    0.3504    0.0951    0.8172    0.8713    0.8172    0.9824
Fert_Urea   0.15369  -0.15888   0.11190   0.05261  -0.01405  -0.08735   0.16226   0.08178   0.02637   0.08978  -0.01626  -0.04703   0.08615  -0.17408  -0.09091   0.09616  -0.14463  -0.03517  -0.24918  -0.21189  -0.29791   1.00000   0.12183  -0.18174   0.10390  -0.01151  -0.13735  -0.07460   0.04784   0.04413
            0.2410    0.2253    0.3946    0.6897    0.9151    0.5069    0.2155    0.5345    0.8415    0.4951    0.9019    0.7212    0.5128    0.1834    0.4897    0.4649    0.2702    0.7896    0.0549    0.1041    0.0208      .       0.3538    0.1646    0.4295    0.9304    0.2953    0.5710    0.7166    0.7378
Growth_Initial   0.10109  -0.05391   0.05184   0.29329   0.00246   0.01638   0.08769  -0.01061   0.01522   0.11463  -0.07206   0.12120   0.08839  -0.16330  -0.10660  -0.25698  -0.28606   0.07217   0.22885  -0.22136  -0.13077   0.12183   1.00000  -0.53803  -0.34645   0.25985  -0.10134  -0.08165   0.05067  -0.05573
            0.4422    0.6825    0.6941    0.0229    0.9851    0.9012    0.5053    0.9359    0.9081    0.3831    0.5843    0.3563    0.5019    0.2125    0.4176    0.0475    0.0267    0.5837    0.0786    0.0892    0.3193    0.3538      .       <.0001    0.0067    0.0450    0.4410    0.5351    0.7006    0.6724
Growth_Mid  -0.05552   0.20842  -0.16439  -0.34659  -0.01787  -0.07892  -0.21461   0.18378  -0.03782  -0.06871   0.23809   0.15760   0.13834  -0.03994   0.08864   0.15442   0.10354   0.01412  -0.14831   0.30934   0.13560  -0.18174  -0.53803   1.00000   0.24506  -0.15714   0.07683  -0.03994   0.22553  -0.17445
            0.6735    0.1100    0.2094    0.0067    0.8922    0.5489    0.0996    0.1598    0.7742    0.6019    0.0670    0.2291    0.2918    0.7619    0.5006    0.2388    0.4311    0.9147    0.2581    0.0162    0.3016    0.1646    <.0001      .       0.0591    0.2305    0.5596    0.7619    0.0832    0.1825
App_Drip  -0.19673   0.07307  -0.15793  -0.10382   0.03304  -0.32098  -0.02540   0.31208   0.05036  -0.14001  -0.11691  -0.09815   0.07538  -0.00000   0.06250   0.01565  -0.04269   0.04616  -0.13418   0.03371   0.12267   0.10390  -0.34645   0.24506   1.00000  -0.56408   0.15664  -0.00000  -0.16744   0.02376
            0.1319    0.5790    0.2281    0.4299    0.8021    0.0124    0.8472    0.0152    0.7024    0.2860    0.3737    0.4556    0.5670    1.0000    0.6352    0.9055    0.7460    0.7262    0.3067    0.7982    0.3504    0.4295    0.0067    0.0591      .       <.0001    0.2320    1.0000    0.2010    0.8570
App_Foliar   0.13220  -0.11801   0.11547   0.12815  -0.02996   0.07030  -0.00547  -0.14164   0.24403  -0.11920   0.09842  -0.00842  -0.05011   0.15430  -0.18635  -0.02775  -0.08650   0.12275  -0.08650   0.02988  -0.21747  -0.01151   0.25985  -0.15714  -0.56408   1.00000  -0.06224   0.00000   0.15321   0.11585
            0.3140    0.3692    0.3796    0.3292    0.8202    0.5935    0.9669    0.2804    0.0602    0.3643    0.4544    0.9491    0.7038    0.2391    0.1540    0.8333    0.5111    0.3501    0.5111    0.8207    0.0951    0.9304    0.0450    0.2305    <.0001      .       0.6366    1.0000    0.2425    0.3781
Coat_Normal  -0.04646  -0.07271  -0.18190  -0.12943   0.17185  -0.04794  -0.08910  -0.18009   0.13471   0.12785  -0.12387  -0.00298   0.01791   0.26891  -0.08642  -0.13579   0.07682  -0.04388   0.07682   0.08012  -0.03048  -0.13735  -0.10134   0.07683   0.15664  -0.06224   1.00000  -0.39303  -0.07831   0.04800
            0.7245    0.5809    0.1642    0.3243    0.1892    0.7160    0.4984    0.1685    0.3048    0.3303    0.3457    0.9820    0.8919    0.0377    0.5115    0.3009    0.5596    0.7392    0.5596    0.5429    0.8172    0.2953    0.4410    0.5596    0.2320    0.6366      .       0.0019    0.5520    0.7157
Coat_Biochar  -0.02257   0.10340  -0.03951   0.11263  -0.10030  -0.16189   0.08508   0.06202  -0.20669  -0.22407  -0.19256  -0.10251  -0.09623  -0.06667   0.17408  -0.20982  -0.11679   0.07857  -0.11679  -0.05164  -0.02135  -0.07460  -0.08165  -0.03994  -0.00000   0.00000  -0.39303   1.00000   0.10343   0.13650
            0.8641    0.4318    0.7644    0.3915    0.4457    0.2165    0.5181    0.6378    0.1131    0.0852    0.1405    0.4357    0.4645    0.6128    0.1834    0.1076    0.3742    0.5507    0.3742    0.6952    0.8713    0.5710    0.5351    0.7619    1.0000    1.0000    0.0019      .       0.4316    0.2983
Irr_Drip   0.01467  -0.03471  -0.09637   0.06015   0.09402  -0.01266  -0.01020   0.03045  -0.15126  -0.09071   0.16915   0.18458   0.10749   0.02069  -0.08642  -0.02418  -0.09711   0.10239  -0.01015   0.17625  -0.03048   0.04784   0.05067   0.22553  -0.16744   0.15321  -0.07831   0.10343   1.00000  -0.37555
            0.9114    0.7923    0.4639    0.6480    0.4749    0.9235    0.9383    0.8174    0.2487    0.4906    0.1964    0.1580    0.4137    0.8753    0.5115    0.8545    0.4604    0.4363    0.9387    0.1779    0.8172    0.7166    0.7006    0.0832    0.2010    0.2425    0.5520    0.4316      .       0.0031
Irr_Sprinkler  -0.34726  -0.33494   0.19275  -0.00819  -0.13456   0.02378   0.01653  -0.16010  -0.06075  -0.08721  -0.14888  -0.30631  -0.07881   0.22751   0.02376  -0.07774  -0.19449   0.03217  -0.09884  -0.14098   0.00291   0.04413  -0.05573  -0.17445   0.02376   0.11585   0.04800   0.13650  -0.37555   1.00000
            0.0066    0.0089    0.1401    0.9505    0.3054    0.8569    0.9002    0.2217    0.6448    0.5076    0.2562    0.0173    0.5495    0.0804    0.8570    0.5549    0.1365    0.8072    0.4524    0.2826    0.9824    0.7378    0.6724    0.1825    0.8570    0.3781    0.7157    0.2983    0.0031      .
